GFS: [4, 1, 1, 1, 1, 79, 5]
Mean: 13.1428571429
Median: 1.0
Std:26.9307501961
MAX: 79
Gaps count: 7
