myRMSD: 5.94675657895 / 7.3148297456
modernaRMSD: 7.57686184211 / 7.61299412916

count: 608 / 511

Length 50-100 NK:

myRMSD: 5.76941304348 / 8.23060774818                     
modernaRMSD: 8.34090711462 / 8.5360968523

count: 506 / 413

Length 100-500 NK:

myRMSD: 6.82651960784 / 3.45547959184

modernaRMSD: 3.78659803922 / 3.7227755102         

count: 102 / 98