GFS: [4, 2, 1, 1, 1, 79, 5]
Mean: 13.2857142857
Median: 2.0
Std:26.8685386158
MAX: 79
Gaps count: 7
